0.185776
0.194243
0.220996
0.223019
0.346162
0.501737
0.702109
0.55222
0.644448
0.48901
0.375644
0.193521
0.148037
0.078304
0.126079
0.181916
0.312519
0.409557
0.280261
0.163255
0
0.118925
0
0.16324
0
0.530272
0.856208
0.855854
0.592593
0
0.295568
0.322007
0.365008
0.259732
0.122096
0
0.185202
0.183538
0.126701
0
0.358592
0.557254
0.637305
0.411262
0.41769
0.482891
0.570387
0.486276
0.535327
0.44231
0.479149
0.288616
0.200949
0.126327
0.077139
0
0.0816
0.103825
0.231012
0.273975
0.227179
0.12224
0.080974
0.127279
0.159919
0.240915
0.298339
0.210294
0.135191
0.17001
0.215042
0.339315
0.327375
0.389883
0.211028
0.136444
0.108915
0.12967
0.626412
0.629789
0.532955
0
0.140579
0.15711
0.148346
0.128861
0
0.175046
0.299924
0.316643
0.295935
0.17701
0.069102
0.145941
0.17768
0.424028
0.502663
0.390539
0.443074
0
0.346081
0.620643
0.826544
0.684663
0.385027
0.273305
0.582892
0.944509
0.973414
0.978941
0.974088
0.961499
0.837337
0.636637
0.33507
0.190988
0.219117
0.137274
0.133174
0.126618
0.115222
0.104456
0.072567
0.091809
0.125189
0.455639
0.473693
0.594693
0.545437
0.240458
0.242614
0.303035
0.281691
0.21504
0.258367
0
0.065459
0.062558
0.05885
0.063964
0.077829
0.203875
0.198173
0.180403
0
0.122391
0.127155
0.195646
0.432136
0.405371
0.651213
0.37935
0.445943
0.502341
0
0.414391
0.085775
0.099337
0.254197
0.371037
0.434772
0.326504
0.502461
0.573788
0.447434
0.165646
0.2981
0.442441
0.530572
0.445117
0.157598
0
0.097841
0.118376
0.216654
0.393829
0.432028
0.438006
0.617048
0.491132
0.49329
0.275097
0.136672
0.114255
0.08568
0.145186
0.125616
0.125138
0
0.150314
0.171833
0.271847
0.257702
0.233651
0.302259
0.277592
0.219303
0
0.083448
0.081545
0
0.087058
0.146078
0.2692
0.256535
0.223767
0
0.213212
0.116463
0.124613
0.135866
0.147069
0.142087
0.110581
0.087183
0.098074
0.156725
0.147438
0.18938
0.085172
0.077678
0.068621
0.100619
0.120687
0.124906
0.196144
0.153943
0.199638
0.156272
0.230548
0.239933
0.209506
0.185477
0.126624
0.107706
0.141103
0.11292
0.09825
0.118831
0.086256
0
0.33032
0.174485
0.16489
0.286729
0.258576
0.292628
0.388914
0.140059
0.15837
0.282265
0.242372
0.289314
0.147249
0.132293
0.192419
0.255117
0.629242
0.740681
0.72462
0.435181
0.190545
0.192426
0.132114
0.187709
0.122786
0.11167
0.178535
0.239532
0.280614
0.355657
0.236652
0.38595
0.449806
0.294016
0.197555
0.120716
0.073282
0.087044
0.153005
0.172494
0.191703
0.19443
0.259443
0.404596
0.401485
0.738996
0.524627
0.544791
0.240747
0.361354
0.339716
0.390253
0.36339
0.277499
0.371414
0.433106
0.274205
0.301243
0.616308
0.620648
0.598026
0.655689
0.846411
0.899195
0.928092
0.846783
0.88041
0.889879
0.733073
0.606118
0.349393
0.214931
0.162132
0.171375
0.094786
0.143586
0
0.251586
0.477716
0.832455
0.59373
0.47584
0
0.091041
0.100475
0.145427
0.117107
0.091864
0.091558
0.066961
0.067649
0
0.101081
0.098867
0.061156
0
0.076537
0.078484
0.084042
0
0.070396
0.069532
0.075597
0.072445
0.077825
0
0.069173
0
0.055194
0.055189
0.060244
0
0.100371
0.102849
0.064937
0
